([1,2,3,4,5,6,7,8,9,10,
11,12,13,14,15,16,17,-17,18,-18,19,-19,20,-20,
21,-21,22,-22,23,-23,24,-24,25,-25,26,-26,-27,-28,29,-29,30,-30,
31,
-31,
32,
-32,
33,
-33,
34,
-34,
35,
-35,
36,
-36,
37,
-37,
38,
-38,
-39,
-40,
41,
-41,
42,
-42,
43,
-43,
44,
-44,
45,
-45,
46,
-46,
47,
-47,
48,
-48,
49,
-49,
50,
-50,
51,
-51,
52,
-52,
53,
-53,
54,
-54,
55,
-55,
56,
-56,
57,
58,
59,
60,
61,
62,
63,
64,
65,
66,
67,
1,
2,
3,
4,
5,
6,
7,
8,
9,
10,
11,
12,
13,
14,
15,
16,
17,
-17,
18,
-18,
19,
-19,
20,
-20,
21,
-21,
22,
-22,
23,
-23,
24,
-24,
25,
-25,
26,
-26,
-27,
-28,
29,
-29,
30,
-30,
31,
-31,
32,
-32,
33,
-33,
34,
-34,
35,
-35,
36,
-36,
37,
-37,
38,
-38,
-39,
-40,
41,
-41,
42,
-42,
43,
-43,
44,
-44,
45,
-45,
46,
-46,
47,
-47,
48,
-48,
49,
-49,
50,
-50,
51,
-51,
52,
-52,
53,
-53,
54,
-54,
55,
-55,
56,
-56,
57,
58,
59,
60,
61,
62,
63,
64,
65,
66,
67,
0,
0,
0,
0,
0,
0,
0,
0,
0,
0,
0,
0,
0,
0],

[1,
1,
2,
2,
3,
3,
4,
4,
4,
4,
5,
5,
5,
5,
6,
6,
3,
3,
3,
3,
4,
4,
4,
4,
5,
5,
5,
5,
5,
5,
6,
6,
6,
6,
7,
7,
7,
7,
5,
5,
5,
5,
7,
7,
7,
7,
7,
7,
7,
7,
8,
8,
8,
8,
7,
7,
7,
7,
9,
9,
7,
7,
7,
7,
7,
7,
7,
7,
7,
7,
7,
7,
5,
5,
5,
5,
8,
8,
8,
8,
8,
8,
8,
8,
8,
8,
8,
8,
9,
9,
9,
9,
6,
6,
7,
7,
7,
7,
9,
9,
9,
9,
9,
1,
1,
2,
2,
3,
3,
4,
4,
4,
4,
5,
5,
5,
5,
6,
6,
3,
3,
3,
3,
4,
4,
4,
4,
5,
5,
5,
5,
5,
5,
6,
6,
6,
6,
7,
7,
7,
7,
5,
5,
5,
5,
7,
7,
7,
7,
7,
7,
7,
7,
8,
8,
8,
8,
7,
7,
7,
7,
9,
9,
7,
7,
7,
7,
7,
7,
7,
7,
7,
7,
7,
7,
5,
5,
5,
5,
8,
8,
8,
8,
8,
8,
8,
8,
8,
8,
8,
8,
9,
9,
9,
9,
6,
6,
7,
7,
7,
7,
9,
9,
9,
9,
9,
0,
0,
0,
0,
0,
0,
0,
0,
0,
0,
0,
0,
0,
0],

[1,1,1,1,1,1,1,1,1,1,1,1,1,1,1,1,1,
-1,
1,
-1,
1,
-1,
1,
-1,
1,
-1,
1,
-1,
1,
-1,
1,
-1,
1,
-1,
1,
-1,
-1,
-1,
1,
-1,
1,
-1,
1,
-1,
1,
-1,
1,
-1,
1,
-1,
1,
-1,
1,
-1,
1,
-1,
1,
-1,
-1,
-1,
1,
-1,
1,
-1,
1,
-1,
1,
-1,
1,
-1,
1,
-1,
1,
-1,
1,
-1,
1,
-1,
1,
-1,
1,
-1,
1,
-1,
1,
-1,
1,
-1,
1,
-1,
1,
-1,
1,1,1,1,1,1,1,1,1,1,1,
1,1,1,1,1,1,1,1,1,1,1,1,1,1,1,1,1,
-1,
1,
-1,
1,
-1,
1,
-1,
1,
-1,
1,
-1,
1,
-1,
1,
-1,
1,
-1,
1,
-1,
-1,
-1,
1,
-1,
1,
-1,
1,
-1,
1,
-1,
1,
-1,
1,
-1,
1,
-1,
1,
-1,
1,
-1,
1,
-1,
-1,
-1,
1,
-1,
1,
-1,
1,
-1,
1,
-1,
1,
-1,
1,
-1,
1,
-1,
1,
-1,
1,
-1,
1,
-1,
1,
-1,
1,
-1,
1,
-1,
1,
-1,
1,
-1,
1,
-1,
1,
1,
1,
1,
1,
1,
1,
1,
1,
1,
1,
0,
0,
0,
0,
0,
0,
0,
0,
0,
0,
0,
0,
0,
0],

[[1,0,0,0,0,0,0,0,0,0, 0,0,0,0,0,0,0],
[1,0,0,0,0,0,0,0,0,0, 0,0,0,0,0,0,0],
[1,2,0,0,0,0,0,0,0,0, 0,0,0,0,0,0,0],
[1,7,0,0,0,0,0,0,0,0, 0,0,0,0,0,0,0],
[1,2,8,0,0,0,0,0,0,0, 0,0,0,0,0,0,0],
[1,7,14,0,0,0,0,0,0,0, 0,0,0,0,0,0,0],
[1,2,8,9,0,0,0,0,0,0, 0,0,0,0,0,0,0],
[1,7,14,13,0,0,0,0,0,0, 0,0,0,0,0,0,0],
[1,2,8,16,0,0,0,0,0,0, 0,0,0,0,0,0,0],
[1,7,14,21,0,0,0,0,0,0, 0,0,0,0,0,0,0],
[1,2,8,16,9,0,0,0,0,0, 0,0,0,0,0,0,0],
[1,7,14,21,13,0,0,0,0,0, 0,0,0,0,0,0,0],
[1,2,8,3,9,0,0,0,0,0, 0,0,0,0,0,0,0],
[1,7,14,6,13,0,0,0,0,0, 0,0,0,0,0,0,0],
[1,2,8,3,16,9,0,0,0,0, 0,0,0,0,0,0,0],
[1,7,14,6,21,13,0,0,0,0, 0,0,0,0,0,0,0],
[1,2,8,0,0,0,0,0,0,0, 0,0,0,0,0,0,0],
[1,7,6,0,0,0,0,0,0,0, 0,0,0,0,0,0,0],
[1,7,14,0,0,0,0,0,0,0, 0,0,0,0,0,0,0],
[1,2,3,0,0,0,0,0,0,0, 0,0,0,0,0,0,0],
[1,2,8,22,0,0,0,0,0,0, 0,0,0,0,0,0,0],
[1,7,6,5,0,0,0,0,0,0, 0,0,0,0,0,0,0],
[1,7,14,15,0,0,0,0,0,0, 0,0,0,0,0,0,0],
[1,2,3,4,0,0,0,0,0,0, 0,0,0,0,0,0,0],
[1,7,2,14,8,0,0,0,0,0, 0,0,0,0,0,0,0],
[1,2,7,3,6,0,0,0,0,0, 0,0,0,0,0,0,0],
[1,7,2,14,8,0,0,0,0,0, 0,0,0,0,0,0,0],
[1,2,7,3,6,0,0,0,0,0, 0,0,0,0,0,0,0],
[1,2,7,8,14,0,0,0,0,0, 0,0,0,0,0,0,0],
[1,7,2,6,3,0,0,0,0,0, 0,0,0,0,0,0,0],
[1,7,2,14,8,13,0,0,0,0, 0,0,0,0,0,0,0],
[1,2,7,3,6,9,0,0,0,0, 0,0,0,0,0,0,0],
[1,2,7,8,14,9,0,0,0,0, 0,0,0,0,0,0,0],
[1,7,2,6,3,13,0,0,0,0, 0,0,0,0,0,0,0],
[1,7,2,14,8,13,9,0,0,0, 0,0,0,0,0,0,0],
[1,2,7,3,6,9,13,0,0,0, 0,0,0,0,0,0,0],
[1,2,7,3,6,8,9,0,0,0, 0,0,0,0,0,0,0],
[1,7,2,6,3,14,13,0,0,0, 0,0,0,0,0,0,0],
[1,7,2,14,21,0,0,0,0,0, 0,0,0,0,0,0,0],
[1,2,7,3,9,0,0,0,0,0, 0,0,0,0,0,0,0],
[1,2,7,8,16,0,0,0,0,0, 0,0,0,0,0,0,0],
[1,7,2,6,13,0,0,0,0,0, 0,0,0,0,0,0,0],
[1,7,2,14,8,15,22,0,0,0, 0,0,0,0,0,0,0],
[1,2,7,3,6,4,5,0,0,0, 0,0,0,0,0,0,0],
[1,2,7,8,14,22,15,0,0,0, 0,0,0,0,0,0,0],
[1,7,2,6,3,5,4,0,0,0, 0,0,0,0,0,0,0],
[1,7,2,14,8,15,22,0,0,0, 0,0,0,0,0,0,0],
[1,2,7,3,6,4,5,0,0,0, 0,0,0,0,0,0,0],
[1,2,7,8,14,22,15,0,0,0, 0,0,0,0,0,0,0],
[1,7,2,6,3,5,4,0,0,0, 0,0,0,0,0,0,0],
[1,7,2,14,8,21,15,22,0,0, 0,0,0,0,0,0,0],
[1,2,7,3,6,9,4,5,0,0, 0,0,0,0,0,0,0],
[1,2,7,8,14,16,22,15,0,0, 0,0,0,0,0,0,0],
[1,7,2,6,3,13,5,4,0,0, 0,0,0,0,0,0,0],
[1,7,2,8,3,9,22,0,0,0, 0,0,0,0,0,0,0],
[1,2,7,6,14,13,5,0,0,0, 0,0,0,0,0,0,0],
[1,2,7,14,6,13,15,0,0,0, 0,0,0,0,0,0,0],
[1,7,2,3,8,9,4,0,0,0, 0,0,0,0,0,0,0],
[1,2,7,3,6,14,13,4,5,0, 0,0,0,0,0,0,0],
[1,7,2,6,3,8,9,5,4,0, 0,0,0,0,0,0,0],
[1,7,2,14,8,15,22,0,0,0, 0,0,0,0,0,0,0],
[1,2,7,3,6,4,5,0,0,0, 0,0,0,0,0,0,0],
[1,2,7,8,14,22,15,0,0,0, 0,0,0,0,0,0,0],
[1,7,2,6,3,5,4,0,0,0, 0,0,0,0,0,0,0],
[1,7,2,14,6,15,22,0,0,0, 0,0,0,0,0,0,0],
[1,2,7,3,8,4,5,0,0,0, 0,0,0,0,0,0,0],
[1,2,7,8,3,22,15,0,0,0, 0,0,0,0,0,0,0],
[1,7,2,6,14,5,4,0,0,0, 0,0,0,0,0,0,0],
[1,7,2,14,6,15,22,0,0,0, 0,0,0,0,0,0,0],
[1,2,7,3,8,4,5,0,0,0, 0,0,0,0,0,0,0],
[1,2,7,8,3,22,15,0,0,0, 0,0,0,0,0,0,0],
[1,7,2,6,14,5,4,0,0,0, 0,0,0,0,0,0,0],
[1,7,2,8,16,0,0,0,0,0, 0,0,0,0,0,0,0],
[1,2,7,6,13,0,0,0,0,0, 0,0,0,0,0,0,0],
[1,2,7,14,28,0,0,0,0,0, 0,0,0,0,0,0,0],
[1,7,2,3,9,0,0,0,0,0, 0,0,0,0,0,0,0],
[1,7,2,14,8,6,15,22,0,0, 0,0,0,0,0,0,0],
[1,2,7,3,6,8,4,5,0,0, 0,0,0,0,0,0,0],
[1,2,7,8,14,3,22,15,0,0, 0,0,0,0,0,0,0],
[1,7,2,6,3,14,5,4,0,0, 0,0,0,0,0,0,0],
[1,7,2,14,8,16,23,22,0,0, 0,0,0,0,0,0,0],
[1,2,7,3,6,13,21,5,0,0, 0,0,0,0,0,0,0],
[1,2,7,8,14,28,21,15,0,0, 0,0,0,0,0,0,0],
[1,7,2,6,3,9,23,4,0,0, 0,0,0,0,0,0,0],
[1,7,2,14,8,6,15,22,0,0, 0,0,0,0,0,0,0],
[1,2,7,3,6,8,4,5,0,0, 0,0,0,0,0,0,0],
[1,2,7,8,14,3,22,15,0,0, 0,0,0,0,0,0,0],
[1,7,2,6,3,14,5,4,0,0, 0,0,0,0,0,0,0],
[1,7,2,14,8,6,16,5,4,0, 0,0,0,0,0,0,0],
[1,2,7,3,6,8,13,22,15,0, 0,0,0,0,0,0,0],
[1,2,7,8,14,3,28,4,5,0, 0,0,0,0,0,0,0],
[1,7,2,6,3,14,9,15,22,0, 0,0,0,0,0,0,0],
[1,7,2,14,8,15,0,0,0,0, 0,0,0,0,0,0,0],
[1,2,7,8,14,29,0,0,0,0, 0,0,0,0,0,0,0],
[1,7,2,14,13,15,22,0,0,0, 0,0,0,0,0,0,0],
[1,2,7,8,9,29,22,0,0,0, 0,0,0,0,0,0,0],
[1,7,2,14,8,9,29,0,0,0, 0,0,0,0,0,0,0],
[1,2,7,8,14,13,15,0,0,0, 0,0,0,0,0,0,0],
[1,7,2,14,8,13,9,15,29,0, 0,0,0,0,0,0,0],
[1,7,2,14,8,13,9,15,29,0, 0,0,0,0,0,0,0],
[1,2,7,8,14,9,13,29,15,0, 0,0,0,0,0,0,0],
[1,7,2,14,8,6,15,22,29,0, 0,0,0,0,0,0,0],
[1,2,7,8,14,3,29,22,15,0, 0,0,0,0,0,0,0],
[1,0,0,0,0,0,0,0,0,0, 0,0,0,0,0,0,0],
[1,0,0,0,0,0,0,0,0,0, 0,0,0,0,0,0,0],
[1,2,0,0,0,0,0,0,0,0, 0,0,0,0,0,0,0],
[1,7,0,0,0,0,0,0,0,0, 0,0,0,0,0,0,0],
[1,2,8,0,0,0,0,0,0,0, 0,0,0,0,0,0,0],
[1,7,14,0,0,0,0,0,0,0, 0,0,0,0,0,0,0],
[1,2,8,9,0,0,0,0,0,0, 0,0,0,0,0,0,0],
[1,7,14,13,0,0,0,0,0,0, 0,0,0,0,0,0,0],
[1,2,8,16,0,0,0,0,0,0, 0,0,0,0,0,0,0],
[1,7,14,21,0,0,0,0,0,0, 0,0,0,0,0,0,0],
[1,2,8,16,9,0,0,0,0,0, 0,0,0,0,0,0,0],
[1,7,14,21,13,0,0,0,0,0, 0,0,0,0,0,0,0],
[1,2,8,3,9,0,0,0,0,0, 0,0,0,0,0,0,0],
[1,7,14,6,13,0,0,0,0,0, 0,0,0,0,0,0,0],
[1,2,8,3,16,9,0,0,0,0, 0,0,0,0,0,0,0],
[1,7,14,6,21,13,0,0,0,0, 0,0,0,0,0,0,0],
[1,2,8,0,0,0,0,0,0,0, 0,0,0,0,0,0,0],
[1,7,6,0,0,0,0,0,0,0, 0,0,0,0,0,0,0],
[1,7,14,0,0,0,0,0,0,0, 0,0,0,0,0,0,0],
[1,2,3,0,0,0,0,0,0,0, 0,0,0,0,0,0,0],
[1,2,8,22,0,0,0,0,0,0, 0,0,0,0,0,0,0],
[1,7,6,5,0,0,0,0,0,0, 0,0,0,0,0,0,0],
[1,7,14,15,0,0,0,0,0,0, 0,0,0,0,0,0,0],
[1,2,3,4,0,0,0,0,0,0, 0,0,0,0,0,0,0],
[1,7,2,14,8,0,0,0,0,0, 0,0,0,0,0,0,0],
[1,2,7,3,6,0,0,0,0,0, 0,0,0,0,0,0,0],
[1,7,2,14,8,0,0,0,0,0, 0,0,0,0,0,0,0],
[1,2,7,3,6,0,0,0,0,0, 0,0,0,0,0,0,0],
[1,2,7,8,14,0,0,0,0,0, 0,0,0,0,0,0,0],
[1,7,2,6,3,0,0,0,0,0, 0,0,0,0,0,0,0],
[1,7,2,14,8,13,0,0,0,0, 0,0,0,0,0,0,0],
[1,2,7,3,6,9,0,0,0,0, 0,0,0,0,0,0,0],
[1,2,7,8,14,9,0,0,0,0, 0,0,0,0,0,0,0],
[1,7,2,6,3,13,0,0,0,0, 0,0,0,0,0,0,0],
[1,7,2,14,8,13,9,0,0,0, 0,0,0,0,0,0,0],
[1,2,7,3,6,9,13,0,0,0, 0,0,0,0,0,0,0],
[1,2,7,3,6,8,9,0,0,0, 0,0,0,0,0,0,0],
[1,7,2,6,3,14,13,0,0,0, 0,0,0,0,0,0,0],
[1,7,2,14,21,0,0,0,0,0, 0,0,0,0,0,0,0],
[1,2,7,3,9,0,0,0,0,0, 0,0,0,0,0,0,0],
[1,2,7,8,16,0,0,0,0,0, 0,0,0,0,0,0,0],
[1,7,2,6,13,0,0,0,0,0, 0,0,0,0,0,0,0],
[1,7,2,14,8,15,22,0,0,0, 0,0,0,0,0,0,0],
[1,2,7,3,6,4,5,0,0,0, 0,0,0,0,0,0,0],
[1,2,7,8,14,22,15,0,0,0, 0,0,0,0,0,0,0],
[1,7,2,6,3,5,4,0,0,0, 0,0,0,0,0,0,0],
[1,7,2,14,8,15,22,0,0,0, 0,0,0,0,0,0,0],
[1,2,7,3,6,4,5,0,0,0, 0,0,0,0,0,0,0],
[1,2,7,8,14,22,15,0,0,0, 0,0,0,0,0,0,0],
[1,7,2,6,3,5,4,0,0,0, 0,0,0,0,0,0,0],
[1,7,2,14,8,21,15,22,0,0, 0,0,0,0,0,0,0],
[1,2,7,3,6,9,4,5,0,0, 0,0,0,0,0,0,0],
[1,2,7,8,14,16,22,15,0,0, 0,0,0,0,0,0,0],
[1,7,2,6,3,13,5,4,0,0, 0,0,0,0,0,0,0],
[1,7,2,8,3,9,22,0,0,0, 0,0,0,0,0,0,0],
[1,2,7,6,14,13,5,0,0,0, 0,0,0,0,0,0,0],
[1,2,7,14,6,13,15,0,0,0, 0,0,0,0,0,0,0],
[1,7,2,3,8,9,4,0,0,0, 0,0,0,0,0,0,0],
[1,2,7,3,6,14,13,4,5,0, 0,0,0,0,0,0,0],
[1,7,2,6,3,8,9,5,4,0, 0,0,0,0,0,0,0],
[1,7,2,14,8,15,22,0,0,0, 0,0,0,0,0,0,0],
[1,2,7,3,6,4,5,0,0,0, 0,0,0,0,0,0,0],
[1,2,7,8,14,22,15,0,0,0, 0,0,0,0,0,0,0],
[1,7,2,6,3,5,4,0,0,0, 0,0,0,0,0,0,0],
[1,7,2,14,6,15,22,0,0,0, 0,0,0,0,0,0,0],
[1,2,7,3,8,4,5,0,0,0, 0,0,0,0,0,0,0],
[1,2,7,8,3,22,15,0,0,0, 0,0,0,0,0,0,0],
[1,7,2,6,14,5,4,0,0,0, 0,0,0,0,0,0,0],
[1,7,2,14,6,15,22,0,0,0, 0,0,0,0,0,0,0],
[1,2,7,3,8,4,5,0,0,0, 0,0,0,0,0,0,0],
[1,2,7,8,3,22,15,0,0,0, 0,0,0,0,0,0,0],
[1,7,2,6,14,5,4,0,0,0, 0,0,0,0,0,0,0],
[1,7,2,8,16,0,0,0,0,0, 0,0,0,0,0,0,0],
[1,2,7,6,13,0,0,0,0,0, 0,0,0,0,0,0,0],
[1,2,7,14,28,0,0,0,0,0, 0,0,0,0,0,0,0],
[1,7,2,3,9,0,0,0,0,0, 0,0,0,0,0,0,0],
[1,7,2,14,8,6,15,22,0,0, 0,0,0,0,0,0,0],
[1,2,7,3,6,8,4,5,0,0, 0,0,0,0,0,0,0],
[1,2,7,8,14,3,22,15,0,0, 0,0,0,0,0,0,0],
[1,7,2,6,3,14,5,4,0,0, 0,0,0,0,0,0,0],
[1,7,2,14,8,16,23,22,0,0, 0,0,0,0,0,0,0],
[1,2,7,3,6,13,21,5,0,0, 0,0,0,0,0,0,0],
[1,2,7,8,14,28,21,15,0,0, 0,0,0,0,0,0,0],
[1,7,2,6,3,9,23,4,0,0, 0,0,0,0,0,0,0],
[1,7,2,14,8,6,15,22,0,0, 0,0,0,0,0,0,0],
[1,2,7,3,6,8,4,5,0,0, 0,0,0,0,0,0,0],
[1,2,7,8,14,3,22,15,0,0, 0,0,0,0,0,0,0],
[1,7,2,6,3,14,5,4,0,0, 0,0,0,0,0,0,0],
[1,7,2,14,8,6,16,5,4,0, 0,0,0,0,0,0,0],
[1,2,7,3,6,8,13,22,15,0, 0,0,0,0,0,0,0],
[1,2,7,8,14,3,28,4,5,0, 0,0,0,0,0,0,0],
[1,7,2,6,3,14,9,15,22,0, 0,0,0,0,0,0,0],
[1,7,2,14,8,15,0,0,0,0, 0,0,0,0,0,0,0],
[1,2,7,8,14,29,0,0,0,0, 0,0,0,0,0,0,0],
[1,7,2,14,13,15,22,0,0,0, 0,0,0,0,0,0,0],
[1,2,7,8,9,29,22,0,0,0, 0,0,0,0,0,0,0],
[1,7,2,14,8,9,29,0,0,0, 0,0,0,0,0,0,0],
[1,2,7,8,14,13,15,0,0,0, 0,0,0,0,0,0,0],
[1,7,2,14,8,13,9,15,29,0, 0,0,0,0,0,0,0],
[1,7,2,14,8,13,9,15,29,0, 0,0,0,0,0,0,0],
[1,2,7,8,14,9,13,29,15,0, 0,0,0,0,0,0,0],
[1,7,2,14,8,6,15,22,29,0, 0,0,0,0,0,0,0],
[1,2,7,8,14,3,29,22,15,0, 0,0,0,0,0,0,0],
[0,0,0,0,0,0,0,0,0,0, 0,0,0,0,0,0,0],
[0,0,0,0,0,0,0,0,0,0, 0,0,0,0,0,0,0],
[0, 0, 0, 0, 0, 0, 0, 0, 0, 0, 0, 0, 0, 0, 0, 0],
[0, 0, 0, 0, 0, 0, 0, 0, 0, 0, 0, 0, 0, 0, 0, 0],
[0, 0, 0, 0, 0, 0, 0, 0, 0, 0, 0, 0, 0, 0, 0, 0],
[0, 0, 0, 0, 0, 0, 0, 0, 0, 0, 0, 0, 0, 0, 0, 0],
[0, 0, 0, 0, 0, 0, 0, 0, 0, 0, 0, 0, 0, 0, 0, 0],
[0, 0, 0, 0, 0, 0, 0, 0, 0, 0, 0, 0, 0, 0, 0, 0],
[0, 0, 0, 0, 0, 0, 0, 0, 0, 0, 0, 0, 0, 0, 0, 0],
[0, 0, 0, 0, 0, 0, 0, 0, 0, 0, 0, 0, 0, 0, 0, 0],
[0, 0, 0, 0, 0, 0, 0, 0, 0, 0, 0, 0, 0, 0, 0, 0],
[0, 0, 0, 0, 0, 0, 0, 0, 0, 0, 0, 0, 0, 0, 0, 0],
[0, 0, 0, 0, 0, 0, 0, 0, 0, 0, 0, 0, 0, 0, 0, 0],
[0, 0, 0, 0, 0, 0, 0, 0, 0, 0, 0, 0, 0, 0, 0, 0]],

[[5,5,0,0,0,0,0,0,0,0, 0,0,0,0,0,0,0],
[5,5,0,0,0,0,0,0,0,0, 0,0,0,0,0,0,0],
[5,5,0,0,0,0,0,0,0,0, 0,0,0,0,0,0,0],
[5,5,0,0,0,0,0,0,0,0, 0,0,0,0,0,0,0],
[5,5,5,0,0,0,0,0,0,0, 0,0,0,0,0,0,0],
[5,5,5,0,0,0,0,0,0,0, 0,0,0,0,0,0,0],
[6,5,5,5,0,0,0,0,0,0, 0,0,0,0,0,0,0],
[6,5,5,5,0,0,0,0,0,0, 0,0,0,0,0,0,0],
[6,6,5,5,0,0,0,0,0,0, 0,0,0,0,0,0,0],
[6,6,5,5,0,0,0,0,0,0, 0,0,0,0,0,0,0],
[6,6,6,5,5,0,0,0,0,0, 0,0,0,0,0,0,0],
[6,6,6,5,5,0,0,0,0,0, 0,0,0,0,0,0,0],
[6,5,6,5,5,0,0,0,0,0, 0,0,0,0,0,0,0],
[6,5,6,5,5,0,0,0,0,0, 0,0,0,0,0,0,0],
[6,6,6,5,6,5,0,0,0,0, 0,0,0,0,0,0,0],
[6,6,6,5,6,5,0,0,0,0, 0,0,0,0,0,0,0],
[7,5,5,0,0,0,0,0,0,0, 0,0,0,0,0,0,0],
[7,5,5,0,0,0,0,0,0,0, 0,0,0,0,0,0,0],
[7,5,5,0,0,0,0,0,0,0, 0,0,0,0,0,0,0],
[7,5,5,0,0,0,0,0,0,0, 0,0,0,0,0,0,0],
[7,5,5,5,0,0,0,0,0,0, 0,0,0,0,0,0,0],
[7,5,5,5,0,0,0,0,0,0, 0,0,0,0,0,0,0],
[7,5,5,5,0,0,0,0,0,0, 0,0,0,0,0,0,0],
[7,5,5,5,0,0,0,0,0,0, 0,0,0,0,0,0,0],
[7,5,5,5,5,0,0,0,0,0, 0,0,0,0,0,0,0],
[7,5,5,5,5,0,0,0,0,0, 0,0,0,0,0,0,0],
[7,5,5,5,6,0,0,0,0,0, 0,0,0,0,0,0,0],
[7,5,5,5,6,0,0,0,0,0, 0,0,0,0,0,0,0],
[7,5,5,5,6,0,0,0,0,0, 0,0,0,0,0,0,0],
[7,5,5,5,6,0,0,0,0,0, 0,0,0,0,0,0,0],
[7,5,5,6,6,5,0,0,0,0, 0,0,0,0,0,0,0],
[7,5,5,6,6,5,0,0,0,0, 0,0,0,0,0,0,0],
[7,5,5,6,6,5,0,0,0,0, 0,0,0,0,0,0,0],
[7,5,5,6,6,5,0,0,0,0, 0,0,0,0,0,0,0],
[7,5,5,5,5,5,5,0,0,0, 0,0,0,0,0,0,0],
[7,5,5,5,5,5,5,0,0,0, 0,0,0,0,0,0,0],
[8,5,5,6,5,5,5,0,0,0, 0,0,0,0,0,0,0],
[8,5,5,6,5,5,5,0,0,0, 0,0,0,0,0,0,0],
[7,6,5,5,5,0,0,0,0,0, 0,0,0,0,0,0,0],
[7,6,5,5,5,0,0,0,0,0, 0,0,0,0,0,0,0],
[7,6,5,5,5,0,0,0,0,0, 0,0,0,0,0,0,0],
[7,6,5,5,5,0,0,0,0,0, 0,0,0,0,0,0,0],
[7,6,5,5,7,6,5,0,0,0, 0,0,0,0,0,0,0],
[7,6,5,5,7,6,5,0,0,0, 0,0,0,0,0,0,0],
[7,6,5,5,7,6,5,0,0,0, 0,0,0,0,0,0,0],
[7,6,5,5,7,6,5,0,0,0, 0,0,0,0,0,0,0],
[7,6,5,6,5,6,5,0,0,0, 0,0,0,0,0,0,0],
[7,6,5,6,5,6,5,0,0,0, 0,0,0,0,0,0,0],
[7,6,5,6,5,6,5,0,0,0, 0,0,0,0,0,0,0],
[7,6,5,6,5,6,5,0,0,0, 0,0,0,0,0,0,0],
[7,6,5,5,5,6,5,7,0,0, 0,0,0,0,0,0,0],
[7,6,5,5,5,6,5,7,0,0, 0,0,0,0,0,0,0],
[7,6,5,5,5,6,5,7,0,0, 0,0,0,0,0,0,0],
[7,6,5,5,5,6,5,7,0,0, 0,0,0,0,0,0,0],
[7,6,5,6,5,5,5,0,0,0, 0,0,0,0,0,0,0],
[7,6,5,6,5,5,5,0,0,0, 0,0,0,0,0,0,0],
[7,6,5,6,5,5,5,0,0,0, 0,0,0,0,0,0,0],
[7,6,5,6,5,5,5,0,0,0, 0,0,0,0,0,0,0],
[8,6,5,6,6,5,5,6,5,0, 0,0,0,0,0,0,0],
[8,6,5,6,6,5,5,6,5,0, 0,0,0,0,0,0,0],
[7,6,6,5,6,5,5,0,0,0, 0,0,0,0,0,0,0],
[7,6,6,5,6,5,5,0,0,0, 0,0,0,0,0,0,0],
[7,6,6,5,6,5,5,0,0,0, 0,0,0,0,0,0,0],
[7,6,6,5,6,5,5,0,0,0, 0,0,0,0,0,0,0],
[7,6,6,5,5,5,5,0,0,0, 0,0,0,0,0,0,0],
[7,6,6,5,5,5,5,0,0,0, 0,0,0,0,0,0,0],
[7,6,6,5,5,5,5,0,0,0, 0,0,0,0,0,0,0],
[7,6,6,5,5,5,5,0,0,0, 0,0,0,0,0,0,0],
[7,6,6,5,5,6,5,0,0,0, 0,0,0,0,0,0,0],
[7,6,6,5,5,6,5,0,0,0, 0,0,0,0,0,0,0],
[7,6,6,5,5,6,5,0,0,0, 0,0,0,0,0,0,0],
[7,6,6,5,5,6,5,0,0,0, 0,0,0,0,0,0,0],
[7,5,7,5,5,0,0,0,0,0, 0,0,0,0,0,0,0],
[7,5,7,5,5,0,0,0,0,0, 0,0,0,0,0,0,0],
[7,5,7,5,5,0,0,0,0,0, 0,0,0,0,0,0,0],
[7,5,7,5,5,0,0,0,0,0, 0,0,0,0,0,0,0],
[7,5,7,5,6,5,5,6,0,0, 0,0,0,0,0,0,0],
[7,5,7,5,6,5,5,6,0,0, 0,0,0,0,0,0,0],
[7,5,7,5,6,5,5,6,0,0, 0,0,0,0,0,0,0],
[7,5,7,5,6,5,5,6,0,0, 0,0,0,0,0,0,0],
[7,5,7,5,5,6,5,5,0,0, 0,0,0,0,0,0,0],
[7,5,7,5,5,6,5,5,0,0, 0,0,0,0,0,0,0],
[7,5,7,5,5,6,5,5,0,0, 0,0,0,0,0,0,0],
[7,5,7,5,5,6,5,5,0,0, 0,0,0,0,0,0,0],
[7,6,7,6,5,5,6,5,0,0, 0,0,0,0,0,0,0],
[7,6,7,6,5,5,6,5,0,0, 0,0,0,0,0,0,0],
[7,6,7,6,5,5,6,5,0,0, 0,0,0,0,0,0,0],
[7,6,7,6,5,5,6,5,0,0, 0,0,0,0,0,0,0],
[7,6,7,7,5,6,5,5,6,0, 0,0,0,0,0,0,0],
[7,6,7,7,5,6,5,5,6,0, 0,0,0,0,0,0,0],
[7,6,7,7,5,6,5,5,6,0, 0,0,0,0,0,0,0],
[7,6,7,7,5,6,5,5,6,0, 0,0,0,0,0,0,0],
[8,5,5,5,5,5,0,0,0,0, 0,0,0,0,0,0,0],
[8,5,5,5,5,5,0,0,0,0, 0,0,0,0,0,0,0],
[8,5,5,5,5,5,5,0,0,0, 0,0,0,0,0,0,0],
[8,5,5,5,5,5,5,0,0,0, 0,0,0,0,0,0,0],
[8,5,5,5,6,5,5,0,0,0, 0,0,0,0,0,0,0],
[8,5,5,5,6,5,5,0,0,0, 0,0,0,0,0,0,0],
[8,5,5,5,5,5,5,6,6,0, 0,0,0,0,0,0,0],
[8,5,5,5,5,5,6,6,6,0, 0,0,0,0,0,0,0],
[8,5,5,5,5,5,6,6,6,0, 0,0,0,0,0,0,0],
[8,6,7,5,6,5,5,5,5,0, 0,0,0,0,0,0,0],
[8,6,7,5,6,5,5,5,5,0, 0,0,0,0,0,0,0],
[5,5,0,0,0,0,0,0,0,0, 0,0,0,0,0,0,0],
[5,5,0,0,0,0,0,0,0,0, 0,0,0,0,0,0,0],
[5,5,0,0,0,0,0,0,0,0, 0,0,0,0,0,0,0],
[5,5,0,0,0,0,0,0,0,0, 0,0,0,0,0,0,0],
[5,5,5,0,0,0,0,0,0,0, 0,0,0,0,0,0,0],
[5,5,5,0,0,0,0,0,0,0, 0,0,0,0,0,0,0],
[6,5,5,5,0,0,0,0,0,0, 0,0,0,0,0,0,0],
[6,5,5,5,0,0,0,0,0,0, 0,0,0,0,0,0,0],
[6,6,5,5,0,0,0,0,0,0, 0,0,0,0,0,0,0],
[6,6,5,5,0,0,0,0,0,0, 0,0,0,0,0,0,0],
[6,6,6,5,5,0,0,0,0,0, 0,0,0,0,0,0,0],
[6,6,6,5,5,0,0,0,0,0, 0,0,0,0,0,0,0],
[6,5,6,5,5,0,0,0,0,0, 0,0,0,0,0,0,0],
[6,5,6,5,5,0,0,0,0,0, 0,0,0,0,0,0,0],
[6,6,6,5,6,5,0,0,0,0, 0,0,0,0,0,0,0],
[6,6,6,5,6,5,0,0,0,0, 0,0,0,0,0,0,0],
[7,5,5,0,0,0,0,0,0,0, 0,0,0,0,0,0,0],
[7,5,5,0,0,0,0,0,0,0, 0,0,0,0,0,0,0],
[7,5,5,0,0,0,0,0,0,0, 0,0,0,0,0,0,0],
[7,5,5,0,0,0,0,0,0,0, 0,0,0,0,0,0,0],
[7,5,5,5,0,0,0,0,0,0, 0,0,0,0,0,0,0],
[7,5,5,5,0,0,0,0,0,0, 0,0,0,0,0,0,0],
[7,5,5,5,0,0,0,0,0,0, 0,0,0,0,0,0,0],
[7,5,5,5,0,0,0,0,0,0, 0,0,0,0,0,0,0],
[7,5,5,5,5,0,0,0,0,0, 0,0,0,0,0,0,0],
[7,5,5,5,5,0,0,0,0,0, 0,0,0,0,0,0,0],
[7,5,5,5,6,0,0,0,0,0, 0,0,0,0,0,0,0],
[7,5,5,5,6,0,0,0,0,0, 0,0,0,0,0,0,0],
[7,5,5,5,6,0,0,0,0,0, 0,0,0,0,0,0,0],
[7,5,5,5,6,0,0,0,0,0, 0,0,0,0,0,0,0],
[7,5,5,6,6,5,0,0,0,0, 0,0,0,0,0,0,0],
[7,5,5,6,6,5,0,0,0,0, 0,0,0,0,0,0,0],
[7,5,5,6,6,5,0,0,0,0, 0,0,0,0,0,0,0],
[7,5,5,6,6,5,0,0,0,0, 0,0,0,0,0,0,0],
[7,5,5,5,5,5,5,0,0,0, 0,0,0,0,0,0,0],
[7,5,5,5,5,5,5,0,0,0, 0,0,0,0,0,0,0],
[8,5,5,6,5,5,5,0,0,0, 0,0,0,0,0,0,0],
[8,5,5,6,5,5,5,0,0,0, 0,0,0,0,0,0,0],
[7,6,5,5,5,0,0,0,0,0, 0,0,0,0,0,0,0],
[7,6,5,5,5,0,0,0,0,0, 0,0,0,0,0,0,0],
[7,6,5,5,5,0,0,0,0,0, 0,0,0,0,0,0,0],
[7,6,5,5,5,0,0,0,0,0, 0,0,0,0,0,0,0],
[7,6,5,5,7,6,5,0,0,0, 0,0,0,0,0,0,0],
[7,6,5,5,7,6,5,0,0,0, 0,0,0,0,0,0,0],
[7,6,5,5,7,6,5,0,0,0, 0,0,0,0,0,0,0],
[7,6,5,5,7,6,5,0,0,0, 0,0,0,0,0,0,0],
[7,6,5,6,5,6,5,0,0,0, 0,0,0,0,0,0,0],
[7,6,5,6,5,6,5,0,0,0, 0,0,0,0,0,0,0],
[7,6,5,6,5,6,5,0,0,0, 0,0,0,0,0,0,0],
[7,6,5,6,5,6,5,0,0,0, 0,0,0,0,0,0,0],
[7,6,5,5,5,6,5,7,0,0, 0,0,0,0,0,0,0],
[7,6,5,5,5,6,5,7,0,0, 0,0,0,0,0,0,0],
[7,6,5,5,5,6,5,7,0,0, 0,0,0,0,0,0,0],
[7,6,5,5,5,6,5,7,0,0, 0,0,0,0,0,0,0],
[7,6,5,6,5,5,5,0,0,0, 0,0,0,0,0,0,0],
[7,6,5,6,5,5,5,0,0,0, 0,0,0,0,0,0,0],
[7,6,5,6,5,5,5,0,0,0, 0,0,0,0,0,0,0],
[7,6,5,6,5,5,5,0,0,0, 0,0,0,0,0,0,0],
[8,6,5,6,6,5,5,6,5,0, 0,0,0,0,0,0,0],
[8,6,5,6,6,5,5,6,5,0, 0,0,0,0,0,0,0],
[7,6,6,5,6,5,5,0,0,0, 0,0,0,0,0,0,0],
[7,6,6,5,6,5,5,0,0,0, 0,0,0,0,0,0,0],
[7,6,6,5,6,5,5,0,0,0, 0,0,0,0,0,0,0],
[7,6,6,5,6,5,5,0,0,0, 0,0,0,0,0,0,0],
[7,6,6,5,5,5,5,0,0,0, 0,0,0,0,0,0,0],
[7,6,6,5,5,5,5,0,0,0, 0,0,0,0,0,0,0],
[7,6,6,5,5,5,5,0,0,0, 0,0,0,0,0,0,0],
[7,6,6,5,5,5,5,0,0,0, 0,0,0,0,0,0,0],
[7,6,6,5,5,6,5,0,0,0, 0,0,0,0,0,0,0],
[7,6,6,5,5,6,5,0,0,0, 0,0,0,0,0,0,0],
[7,6,6,5,5,6,5,0,0,0, 0,0,0,0,0,0,0],
[7,6,6,5,5,6,5,0,0,0, 0,0,0,0,0,0,0],
[7,5,7,5,5,0,0,0,0,0, 0,0,0,0,0,0,0],
[7,5,7,5,5,0,0,0,0,0, 0,0,0,0,0,0,0],
[7,5,7,5,5,0,0,0,0,0, 0,0,0,0,0,0,0],
[7,5,7,5,5,0,0,0,0,0, 0,0,0,0,0,0,0],
[7,5,7,5,6,5,5,6,0,0, 0,0,0,0,0,0,0],
[7,5,7,5,6,5,5,6,0,0, 0,0,0,0,0,0,0],
[7,5,7,5,6,5,5,6,0,0, 0,0,0,0,0,0,0],
[7,5,7,5,6,5,5,6,0,0, 0,0,0,0,0,0,0],
[7,5,7,5,5,6,5,5,0,0, 0,0,0,0,0,0,0],
[7,5,7,5,5,6,5,5,0,0, 0,0,0,0,0,0,0],
[7,5,7,5,5,6,5,5,0,0, 0,0,0,0,0,0,0],
[7,5,7,5,5,6,5,5,0,0, 0,0,0,0,0,0,0],
[7,6,7,6,5,5,6,5,0,0, 0,0,0,0,0,0,0],
[7,6,7,6,5,5,6,5,0,0, 0,0,0,0,0,0,0],
[7,6,7,6,5,5,6,5,0,0, 0,0,0,0,0,0,0],
[7,6,7,6,5,5,6,5,0,0, 0,0,0,0,0,0,0],
[7,6,7,7,5,6,5,5,6,0, 0,0,0,0,0,0,0],
[7,6,7,7,5,6,5,5,6,0, 0,0,0,0,0,0,0],
[7,6,7,7,5,6,5,5,6,0, 0,0,0,0,0,0,0],
[7,6,7,7,5,6,5,5,6,0, 0,0,0,0,0,0,0],
[8,5,5,5,5,5,0,0,0,0, 0,0,0,0,0,0,0],
[8,5,5,5,5,5,0,0,0,0, 0,0,0,0,0,0,0],
[8,5,5,5,5,5,5,0,0,0, 0,0,0,0,0,0,0],
[8,5,5,5,5,5,5,0,0,0, 0,0,0,0,0,0,0],
[8,5,5,5,6,5,5,0,0,0, 0,0,0,0,0,0,0],
[8,5,5,5,6,5,5,0,0,0, 0,0,0,0,0,0,0],
[8,5,5,5,5,5,5,6,6,0, 0,0,0,0,0,0,0],
[8,5,5,5,5,5,6,6,6,0, 0,0,0,0,0,0,0],
[8,5,5,5,5,5,6,6,6,0, 0,0,0,0,0,0,0],
[8,6,7,5,6,5,5,5,5,0, 0,0,0,0,0,0,0],
[8,6,7,5,6,5,5,5,5,0, 0,0,0,0,0,0,0],
[0,0,0,0,0,0,0,0,0,0, 0,0,0,0,0,0,0],
[0,0,0,0,0,0,0,0,0,0, 0,0,0,0,0,0,0],
[0, 0, 0, 0, 0, 0, 0, 0, 0, 0, 0, 0, 0, 0, 0, 0],
[0, 0, 0, 0, 0, 0, 0, 0, 0, 0, 0, 0, 0, 0, 0, 0],
[0, 0, 0, 0, 0, 0, 0, 0, 0, 0, 0, 0, 0, 0, 0, 0],
[0, 0, 0, 0, 0, 0, 0, 0, 0, 0, 0, 0, 0, 0, 0, 0],
[0, 0, 0, 0, 0, 0, 0, 0, 0, 0, 0, 0, 0, 0, 0, 0],
[0, 0, 0, 0, 0, 0, 0, 0, 0, 0, 0, 0, 0, 0, 0, 0],
[0, 0, 0, 0, 0, 0, 0, 0, 0, 0, 0, 0, 0, 0, 0, 0],
[0, 0, 0, 0, 0, 0, 0, 0, 0, 0, 0, 0, 0, 0, 0, 0],
[0, 0, 0, 0, 0, 0, 0, 0, 0, 0, 0, 0, 0, 0, 0, 0],
[0, 0, 0, 0, 0, 0, 0, 0, 0, 0, 0, 0, 0, 0, 0, 0],
[0, 0, 0, 0, 0, 0, 0, 0, 0, 0, 0, 0, 0, 0, 0, 0],
[0, 0, 0, 0, 0, 0, 0, 0, 0, 0, 0, 0, 0, 0, 0, 0]],

[[5,12,0,0,0,0,0,0,0,0, 0,0,0,0,0,0,0],
[5,12,0,0,0,0,0,0,0,0, 0,0,0,0,0,0,0],
[6,5,0,0,0,0,0,0,0,0, 0,0,0,0,0,0,0],
[6,5,0,0,0,0,0,0,0,0, 0,0,0,0,0,0,0],
[6,6,5,0,0,0,0,0,0,0, 0,0,0,0,0,0,0],
[6,6,5,0,0,0,0,0,0,0, 0,0,0,0,0,0,0],
[6,5,6,5,0,0,0,0,0,0, 0,0,0,0,0,0,0],
[6,5,6,5,0,0,0,0,0,0, 0,0,0,0,0,0,0],
[6,6,6,5,0,0,0,0,0,0, 0,0,0,0,0,0,0],
[6,6,6,5,0,0,0,0,0,0, 0,0,0,0,0,0,0],
[6,6,6,6,5,0,0,0,0,0, 0,0,0,0,0,0,0],
[6,6,6,6,5,0,0,0,0,0, 0,0,0,0,0,0,0],
[6,5,6,5,6,0,0,0,0,0, 0,0,0,0,0,0,0],
[6,5,6,5,6,0,0,0,0,0, 0,0,0,0,0,0,0],
[6,6,6,5,6,6,0,0,0,0, 0,0,0,0,0,0,0],
[6,6,6,5,6,6,0,0,0,0, 0,0,0,0,0,0,0],
[7,6,5,0,0,0,0,0,0,0, 0,0,0,0,0,0,0],
[12,6,5,0,0,0,0,0,0,0, 0,0,0,0,0,0,0],
[7,6,5,0,0,0,0,0,0,0, 0,0,0,0,0,0,0],
[12,6,5,0,0,0,0,0,0,0, 0,0,0,0,0,0,0],
[7,6,6,5,0,0,0,0,0,0, 0,0,0,0,0,0,0],
[12,6,6,5,0,0,0,0,0,0, 0,0,0,0,0,0,0],
[7,6,6,5,0,0,0,0,0,0, 0,0,0,0,0,0,0],
[12,6,6,5,0,0,0,0,0,0, 0,0,0,0,0,0,0],
[7,5,5,5,5,0,0,0,0,0, 0,0,0,0,0,0,0],
[12,5,5,5,5,0,0,0,0,0, 0,0,0,0,0,0,0],
[7,5,5,5,12,0,0,0,0,0, 0,0,0,0,0,0,0],
[12,5,5,5,12,0,0,0,0,0, 0,0,0,0,0,0,0],
[7,5,5,5,12,0,0,0,0,0, 0,0,0,0,0,0,0],
[12,5,5,5,12,0,0,0,0,0, 0,0,0,0,0,0,0],
[7,5,5,6,12,5,0,0,0,0, 0,0,0,0,0,0,0],
[12,5,5,6,12,5,0,0,0,0, 0,0,0,0,0,0,0],
[7,5,5,6,12,5,0,0,0,0, 0,0,0,0,0,0,0],
[12,5,5,6,12,5,0,0,0,0, 0,0,0,0,0,0,0],
[7,5,5,5,5,5,5,0,0,0, 0,0,0,0,0,0,0],
[12,5,5,5,5,5,5,0,0,0, 0,0,0,0,0,0,0],
[12,5,5,6,5,5,5,0,0,0, 0,0,0,0,0,0,0],
[12,5,5,6,5,5,5,0,0,0, 0,0,0,0,0,0,0],
[7,6,5,5,5,0,0,0,0,0, 0,0,0,0,0,0,0],
[12,6,5,5,5,0,0,0,0,0, 0,0,0,0,0,0,0],
[7,6,5,5,5,0,0,0,0,0, 0,0,0,0,0,0,0],
[12,6,5,5,5,0,0,0,0,0, 0,0,0,0,0,0,0],
[7,6,5,5,12,6,5,0,0,0, 0,0,0,0,0,0,0],
[12,6,5,5,12,6,5,0,0,0, 0,0,0,0,0,0,0],
[7,6,5,5,12,6,5,0,0,0, 0,0,0,0,0,0,0],
[12,6,5,5,12,6,5,0,0,0, 0,0,0,0,0,0,0],
[7,6,5,6,5,6,5,0,0,0, 0,0,0,0,0,0,0],
[12,6,5,6,5,6,5,0,0,0, 0,0,0,0,0,0,0],
[7,6,5,6,5,6,5,0,0,0, 0,0,0,0,0,0,0],
[12,6,5,6,5,6,5,0,0,0, 0,0,0,0,0,0,0],
[7,6,5,5,5,6,5,12,0,0, 0,0,0,0,0,0,0],
[12,6,5,5,5,6,5,12,0,0, 0,0,0,0,0,0,0],
[7,6,5,5,5,6,5,12,0,0, 0,0,0,0,0,0,0],
[12,6,5,5,5,6,5,12,0,0, 0,0,0,0,0,0,0],
[7,12,5,6,5,5,5,0,0,0, 0,0,0,0,0,0,0],
[7,12,5,6,5,5,5,0,0,0, 0,0,0,0,0,0,0],
[7,12,5,6,5,5,5,0,0,0, 0,0,0,0,0,0,0],
[7,12,5,6,5,5,5,0,0,0, 0,0,0,0,0,0,0],
[12,12,5,6,6,5,5,6,5,0, 0,0,0,0,0,0,0],
[12,12,5,6,6,5,5,6,5,0, 0,0,0,0,0,0,0],
[7,6,6,5,6,5,5,0,0,0, 0,0,0,0,0,0,0],
[12,6,6,5,6,5,5,0,0,0, 0,0,0,0,0,0,0],
[7,6,6,5,6,5,5,0,0,0, 0,0,0,0,0,0,0],
[12,6,6,5,6,5,5,0,0,0, 0,0,0,0,0,0,0],
[7,6,12,6,5,5,5,0,0,0, 0,0,0,0,0,0,0],
[7,6,12,6,5,5,5,0,0,0, 0,0,0,0,0,0,0],
[7,6,12,6,5,5,5,0,0,0, 0,0,0,0,0,0,0],
[7,6,12,6,5,5,5,0,0,0, 0,0,0,0,0,0,0],
[7,6,12,5,5,6,5,0,0,0, 0,0,0,0,0,0,0],
[7,6,12,5,5,6,5,0,0,0, 0,0,0,0,0,0,0],
[7,6,12,5,5,6,5,0,0,0, 0,0,0,0,0,0,0],
[7,6,12,5,5,6,5,0,0,0, 0,0,0,0,0,0,0],
[7,5,7,5,5,0,0,0,0,0, 0,0,0,0,0,0,0],
[12,5,7,5,5,0,0,0,0,0, 0,0,0,0,0,0,0],
[7,5,7,5,5,0,0,0,0,0, 0,0,0,0,0,0,0],
[12,5,7,5,5,0,0,0,0,0, 0,0,0,0,0,0,0],
[7,5,12,5,6,5,5,6,0,0, 0,0,0,0,0,0,0],
[7,5,12,5,6,5,5,6,0,0, 0,0,0,0,0,0,0],
[7,5,12,5,6,5,5,6,0,0, 0,0,0,0,0,0,0],
[7,5,12,5,6,5,5,6,0,0, 0,0,0,0,0,0,0],
[7,5,7,5,5,6,5,5,0,0, 0,0,0,0,0,0,0],
[12,5,7,5,5,6,5,5,0,0, 0,0,0,0,0,0,0],
[7,5,7,5,5,6,5,5,0,0, 0,0,0,0,0,0,0],
[12,5,7,5,5,6,5,5,0,0, 0,0,0,0,0,0,0],
[7,6,12,6,5,5,6,5,0,0, 0,0,0,0,0,0,0],
[7,6,12,6,5,5,6,5,0,0, 0,0,0,0,0,0,0],
[7,6,12,6,5,5,6,5,0,0, 0,0,0,0,0,0,0],
[7,6,12,6,5,5,6,5,0,0, 0,0,0,0,0,0,0],
[7,6,7,12,6,6,5,5,12,0, 0,0,0,0,0,0,0],
[7,6,7,12,6,6,5,5,12,0, 0,0,0,0,0,0,0],
[7,6,7,12,6,6,5,5,12,0, 0,0,0,0,0,0,0],
[7,6,7,12,6,6,5,5,12,0, 0,0,0,0,0,0,0],
[8,5,5,5,5,5,0,0,0,0, 0,0,0,0,0,0,0],
[8,5,5,5,5,5,0,0,0,0, 0,0,0,0,0,0,0],
[8,5,5,5,5,5,5,0,0,0, 0,0,0,0,0,0,0],
[8,5,5,5,5,5,5,0,0,0, 0,0,0,0,0,0,0],
[8,5,5,5,6,5,5,0,0,0, 0,0,0,0,0,0,0],
[8,5,5,5,6,5,5,0,0,0, 0,0,0,0,0,0,0],
[8,5,5,5,5,5,5,12,12,0, 0,0,0,0,0,0,0],
[8,5,5,5,5,5,12,12,12,0, 0,0,0,0,0,0,0],
[8,5,5,5,5,5,12,12,12,0, 0,0,0,0,0,0,0],
[8,6,12,5,6,5,5,5,5,0, 0,0,0,0,0,0,0],
[8,6,12,5,6,5,5,5,5,0, 0,0,0,0,0,0,0],
[5,12,0,0,0,0,0,0,0,0, 0,0,0,0,0,0,0],
[5,12,0,0,0,0,0,0,0,0, 0,0,0,0,0,0,0],
[6,5,0,0,0,0,0,0,0,0, 0,0,0,0,0,0,0],
[6,5,0,0,0,0,0,0,0,0, 0,0,0,0,0,0,0],
[6,6,5,0,0,0,0,0,0,0, 0,0,0,0,0,0,0],
[6,6,5,0,0,0,0,0,0,0, 0,0,0,0,0,0,0],
[6,5,6,5,0,0,0,0,0,0, 0,0,0,0,0,0,0],
[6,5,6,5,0,0,0,0,0,0, 0,0,0,0,0,0,0],
[6,6,6,5,0,0,0,0,0,0, 0,0,0,0,0,0,0],
[6,6,6,5,0,0,0,0,0,0, 0,0,0,0,0,0,0],
[6,6,6,6,5,0,0,0,0,0, 0,0,0,0,0,0,0],
[6,6,6,6,5,0,0,0,0,0, 0,0,0,0,0,0,0],
[6,5,6,5,6,0,0,0,0,0, 0,0,0,0,0,0,0],
[6,5,6,5,6,0,0,0,0,0, 0,0,0,0,0,0,0],
[6,6,6,5,6,6,0,0,0,0, 0,0,0,0,0,0,0],
[6,6,6,5,6,6,0,0,0,0, 0,0,0,0,0,0,0],
[7,6,5,0,0,0,0,0,0,0, 0,0,0,0,0,0,0],
[12,6,5,0,0,0,0,0,0,0, 0,0,0,0,0,0,0],
[7,6,5,0,0,0,0,0,0,0, 0,0,0,0,0,0,0],
[12,6,5,0,0,0,0,0,0,0, 0,0,0,0,0,0,0],
[7,6,6,5,0,0,0,0,0,0, 0,0,0,0,0,0,0],
[12,6,6,5,0,0,0,0,0,0, 0,0,0,0,0,0,0],
[7,6,6,5,0,0,0,0,0,0, 0,0,0,0,0,0,0],
[12,6,6,5,0,0,0,0,0,0, 0,0,0,0,0,0,0],
[7,5,5,5,5,0,0,0,0,0, 0,0,0,0,0,0,0],
[12,5,5,5,5,0,0,0,0,0, 0,0,0,0,0,0,0],
[7,5,5,5,12,0,0,0,0,0, 0,0,0,0,0,0,0],
[12,5,5,5,12,0,0,0,0,0, 0,0,0,0,0,0,0],
[7,5,5,5,12,0,0,0,0,0, 0,0,0,0,0,0,0],
[12,5,5,5,12,0,0,0,0,0, 0,0,0,0,0,0,0],
[7,5,5,6,12,5,0,0,0,0, 0,0,0,0,0,0,0],
[12,5,5,6,12,5,0,0,0,0, 0,0,0,0,0,0,0],
[7,5,5,6,12,5,0,0,0,0, 0,0,0,0,0,0,0],
[12,5,5,6,12,5,0,0,0,0, 0,0,0,0,0,0,0],
[7,5,5,5,5,5,5,0,0,0, 0,0,0,0,0,0,0],
[12,5,5,5,5,5,5,0,0,0, 0,0,0,0,0,0,0],
[12,5,5,6,5,5,5,0,0,0, 0,0,0,0,0,0,0],
[12,5,5,6,5,5,5,0,0,0, 0,0,0,0,0,0,0],
[7,6,5,5,5,0,0,0,0,0, 0,0,0,0,0,0,0],
[12,6,5,5,5,0,0,0,0,0, 0,0,0,0,0,0,0],
[7,6,5,5,5,0,0,0,0,0, 0,0,0,0,0,0,0],
[12,6,5,5,5,0,0,0,0,0, 0,0,0,0,0,0,0],
[7,6,5,5,12,6,5,0,0,0, 0,0,0,0,0,0,0],
[12,6,5,5,12,6,5,0,0,0, 0,0,0,0,0,0,0],
[7,6,5,5,12,6,5,0,0,0, 0,0,0,0,0,0,0],
[12,6,5,5,12,6,5,0,0,0, 0,0,0,0,0,0,0],
[7,6,5,6,5,6,5,0,0,0, 0,0,0,0,0,0,0],
[12,6,5,6,5,6,5,0,0,0, 0,0,0,0,0,0,0],
[7,6,5,6,5,6,5,0,0,0, 0,0,0,0,0,0,0],
[12,6,5,6,5,6,5,0,0,0, 0,0,0,0,0,0,0],
[7,6,5,5,5,6,5,12,0,0, 0,0,0,0,0,0,0],
[12,6,5,5,5,6,5,12,0,0, 0,0,0,0,0,0,0],
[7,6,5,5,5,6,5,12,0,0, 0,0,0,0,0,0,0],
[12,6,5,5,5,6,5,12,0,0, 0,0,0,0,0,0,0],
[7,12,5,6,5,5,5,0,0,0, 0,0,0,0,0,0,0],
[7,12,5,6,5,5,5,0,0,0, 0,0,0,0,0,0,0],
[7,12,5,6,5,5,5,0,0,0, 0,0,0,0,0,0,0],
[7,12,5,6,5,5,5,0,0,0, 0,0,0,0,0,0,0],
[12,12,5,6,6,5,5,6,5,0, 0,0,0,0,0,0,0],
[12,12,5,6,6,5,5,6,5,0, 0,0,0,0,0,0,0],
[7,6,6,5,6,5,5,0,0,0, 0,0,0,0,0,0,0],
[12,6,6,5,6,5,5,0,0,0, 0,0,0,0,0,0,0],
[7,6,6,5,6,5,5,0,0,0, 0,0,0,0,0,0,0],
[12,6,6,5,6,5,5,0,0,0, 0,0,0,0,0,0,0],
[7,6,12,6,5,5,5,0,0,0, 0,0,0,0,0,0,0],
[7,6,12,6,5,5,5,0,0,0, 0,0,0,0,0,0,0],
[7,6,12,6,5,5,5,0,0,0, 0,0,0,0,0,0,0],
[7,6,12,6,5,5,5,0,0,0, 0,0,0,0,0,0,0],
[7,6,12,5,5,6,5,0,0,0, 0,0,0,0,0,0,0],
[7,6,12,5,5,6,5,0,0,0, 0,0,0,0,0,0,0],
[7,6,12,5,5,6,5,0,0,0, 0,0,0,0,0,0,0],
[7,6,12,5,5,6,5,0,0,0, 0,0,0,0,0,0,0],
[7,5,7,5,5,0,0,0,0,0, 0,0,0,0,0,0,0],
[12,5,7,5,5,0,0,0,0,0, 0,0,0,0,0,0,0],
[7,5,7,5,5,0,0,0,0,0, 0,0,0,0,0,0,0],
[12,5,7,5,5,0,0,0,0,0, 0,0,0,0,0,0,0],
[7,5,12,5,6,5,5,6,0,0, 0,0,0,0,0,0,0],
[7,5,12,5,6,5,5,6,0,0, 0,0,0,0,0,0,0],
[7,5,12,5,6,5,5,6,0,0, 0,0,0,0,0,0,0],
[7,5,12,5,6,5,5,6,0,0, 0,0,0,0,0,0,0],
[7,5,7,5,5,6,5,5,0,0, 0,0,0,0,0,0,0],
[12,5,7,5,5,6,5,5,0,0, 0,0,0,0,0,0,0],
[7,5,7,5,5,6,5,5,0,0, 0,0,0,0,0,0,0],
[12,5,7,5,5,6,5,5,0,0, 0,0,0,0,0,0,0],
[7,6,12,6,5,5,6,5,0,0, 0,0,0,0,0,0,0],
[7,6,12,6,5,5,6,5,0,0, 0,0,0,0,0,0,0],
[7,6,12,6,5,5,6,5,0,0, 0,0,0,0,0,0,0],
[7,6,12,6,5,5,6,5,0,0, 0,0,0,0,0,0,0],
[7,6,7,12,6,6,5,5,12,0, 0,0,0,0,0,0,0],
[7,6,7,12,6,6,5,5,12,0, 0,0,0,0,0,0,0],
[7,6,7,12,6,6,5,5,12,0, 0,0,0,0,0,0,0],
[7,6,7,12,6,6,5,5,12,0, 0,0,0,0,0,0,0],
[8,5,5,5,5,5,0,0,0,0, 0,0,0,0,0,0,0],
[8,5,5,5,5,5,0,0,0,0, 0,0,0,0,0,0,0],
[8,5,5,5,5,5,5,0,0,0, 0,0,0,0,0,0,0],
[8,5,5,5,5,5,5,0,0,0, 0,0,0,0,0,0,0],
[8,5,5,5,6,5,5,0,0,0, 0,0,0,0,0,0,0],
[8,5,5,5,6,5,5,0,0,0, 0,0,0,0,0,0,0],
[8,5,5,5,5,5,5,12,12,0, 0,0,0,0,0,0,0],
[8,5,5,5,5,5,12,12,12,0, 0,0,0,0,0,0,0],
[8,5,5,5,5,5,12,12,12,0, 0,0,0,0,0,0,0],
[8,6,12,5,6,5,5,5,5,0, 0,0,0,0,0,0,0],
[8,6,12,5,6,5,5,5,5,0, 0,0,0,0,0,0,0],
[0,0,0,0,0,0,0,0,0,0, 0,0,0,0,0,0,0],
[0,0,0,0,0,0,0,0,0,0, 0,0,0,0,0,0,0],
[0, 0, 0, 0, 0, 0, 0, 0, 0, 0, 0, 0, 0, 0, 0, 0],
[0, 0, 0, 0, 0, 0, 0, 0, 0, 0, 0, 0, 0, 0, 0, 0],
[0, 0, 0, 0, 0, 0, 0, 0, 0, 0, 0, 0, 0, 0, 0, 0],
[0, 0, 0, 0, 0, 0, 0, 0, 0, 0, 0, 0, 0, 0, 0, 0],
[0, 0, 0, 0, 0, 0, 0, 0, 0, 0, 0, 0, 0, 0, 0, 0],
[0, 0, 0, 0, 0, 0, 0, 0, 0, 0, 0, 0, 0, 0, 0, 0],
[0, 0, 0, 0, 0, 0, 0, 0, 0, 0, 0, 0, 0, 0, 0, 0],
[0, 0, 0, 0, 0, 0, 0, 0, 0, 0, 0, 0, 0, 0, 0, 0],
[0, 0, 0, 0, 0, 0, 0, 0, 0, 0, 0, 0, 0, 0, 0, 0],
[0, 0, 0, 0, 0, 0, 0, 0, 0, 0, 0, 0, 0, 0, 0, 0],
[0, 0, 0, 0, 0, 0, 0, 0, 0, 0, 0, 0, 0, 0, 0, 0],
[0, 0, 0, 0, 0, 0, 0, 0, 0, 0, 0, 0, 0, 0, 0, 0]]
)
