[

[[0,7322],
[10,06,16,0],
[0],
[01,04,02,07,10,06],
[02,04,03,08,07,01],
[03,03,04,08,02],
[04,04,05,09,08,03],
[05,04,06,10,09,04],
[06,03,01,10,05],
[07,05,02,08,09,10,01],
[08,05,02,03,04,09,07],
[09,05,08,04,05,10,07],
[10,05,09,05,06,01,07],
[788411,262075,512,260164,785475,1048062,324078,507098],
[673262,502516],
[]],

[[2,122],
[11,07,39,0],
[0],
[01,04,02,08,11,07],
[02,03,03,08,01],
[03,04,04,09,08,02],
[04,03,05,09,03],
[05,04,06,10,09,04],
[06,04,07,11,10,05],
[07,03,01,11,06],
[08,06,02,03,09,10,11,01],
[09,05,03,04,05,10,08],
[10,05,09,05,06,11,08],
[11,05,10,06,07,01,08],
[851856,404468,51934,51490,401420,850030,1048062,324078],
[507098,673262,502516],
[]],

[[3,442802],
[15,08,111,0],
[0],
[01,05,02,10,09,13,08],
[02,04,03,14,10,01],
[03,03,04,14,02],
[04,04,05,11,14,03],
[05,05,06,12,09,11,04],
[06,04,07,15,12,05],
[07,03,08,15,06],
[08,04,01,13,15,07],
[09,06,11,05,12,13,01,10],
[10,05,02,14,11,09,01],
[11,05,05,09,10,14,04],
[12,05,06,15,13,09,05],
[13,05,01,09,12,15,08],
[14,05,10,02,03,04,11],
[15,05,12,06,07,08,13],
[895849,535551,154474,512,152726,512000,894101,1048062],
[508445,359813,655749,656055,356023,508133,510801],
[]],

[[2,126],
[12,08,81,154],
[04,01,09,03,09,05,11,07,11],
[01,04,02,09,12,08],
[02,03,03,09,01],
[03,04,04,10,09,02],
[04,03,05,10,03],
[05,04,06,11,10,04],
[06,03,07,11,05],
[07,04,08,12,11,06],
[08,03,01,12,07],
[09,06,02,03,10,11,12,01],
[10,05,03,04,05,11,09],
[11,06,10,05,06,07,12,09],
[12,05,11,07,08,01,09],
[895849,535551,154474,512,152726,512000,894101,1048062],
[324078,507098,673262,502516],
[9,10,11,12,13,14,15,16,17,18,19,20,21,22,23,24,25,-1]],

[[0,453962],
[13,08,100,0],
[0],
[01,05,02,10,09,13,08],
[02,03,03,10,01],
[03,04,04,11,10,02],
[04,03,05,11,03],
[05,04,06,12,11,04],
[06,03,07,12,05],
[07,04,08,13,12,06],
[08,03,01,13,07],
[09,05,11,12,13,01,10],
[10,05,02,03,11,09,01],
[11,06,03,04,05,12,09,10],
[12,06,05,06,07,13,09,11],
[13,05,07,08,01,09,12],
[895849,535551,154474,512,152726,512000,894101,1048062],
[560599,560860,343634,343367,560329],
[]],

[[3,1306802],
[16,09,266,0],
[0],
[01,05,02,11,10,14,09],
[02,04,03,15,11,01],
[03,03,04,15,02],
[04,04,05,12,15,03],
[05,05,06,13,10,12,04],
[06,04,07,16,13,05],
[07,03,08,16,06],
[08,04,09,14,16,07],
[09,03,01,14,08],
[10,06,12,05,13,14,01,11],
[11,05,02,15,12,10,01],
[12,05,05,10,11,15,04],
[13,05,06,16,14,10,05],
[14,06,09,01,10,13,16,08],
[15,05,11,02,03,04,12],
[16,05,13,06,07,08,14],
[926536,621561,262075,32431,31057,260164,618502,924853],
[1048062,508445,359813,655749,656055,356023,508133,510801],
[]],

[[2,7566],
[14,09,211,0],
[0],
[01,04,02,10,14,09],
[02,04,03,11,10,01],
[03,03,04,11,02],
[04,04,05,12,11,03],
[05,03,06,12,04],
[06,04,07,13,12,05],
[07,03,08,13,06],
[08,04,09,14,13,07],
[09,03,01,14,08],
[10,06,02,11,12,13,14,01],
[11,05,02,03,04,12,10],
[12,06,11,04,05,06,13,10],
[13,06,12,06,07,08,14,10],
[14,05,13,08,09,01,10],
[926536,621561,262075,32431,31057,260164,618502,924853],
[1048062,560599,560860,343634,343367,560329],
[]],

[[0,79077722],
[14,08,104,0],
[0],
[01,04,02,10,14,08],
[02,04,03,11,10,01],
[03,04,04,12,11,02],
[04,03,05,12,03],
[05,04,06,13,12,04],
[06,03,07,13,05],
[07,04,08,14,13,06],
[08,03,01,14,07],
[09,05,11,12,13,14,10],
[10,05,02,11,09,14,01],
[11,05,02,03,12,09,10],
[12,06,03,04,05,13,09,11],
[13,06,05,06,07,14,09,12],
[14,06,10,09,13,07,08,01],
[895849,535551,154474,512,152726,512000,894101,1048062],
[460267,373474,665222,664904,376051,201195],
[]],

[[3,460806],
[17,10,630,0],
[0],
[01,05,02,12,11,15,10],
[02,04,03,16,12,01],
[03,03,04,16,02],
[04,04,05,13,16,03],
[05,03,06,13,04],
[06,05,07,14,11,13,05],
[07,03,08,14,06],
[08,04,09,17,14,07],
[09,03,10,17,08],
[10,04,01,15,17,09],
[11,06,13,06,14,15,01,12],
[12,05,02,16,13,11,01],
[13,06,05,06,11,12,16,04],
[14,06,07,08,17,15,11,06],
[15,05,01,11,14,17,10],
[16,05,12,02,03,04,13],
[17,05,14,08,09,10,15],
[949036,690151,360423,101165,512,99539,358424,687128],
[947409,1048062,508445,359813,655749,656055,356023,508133],
[510801],
[]],

[[3,1306806],
[17,10,630,0],
[0],
[01,05,02,12,11,15,10],
[02,04,03,16,12,01],
[03,03,04,16,02],
[04,04,05,13,16,03],
[05,03,06,13,04],
[06,05,07,14,11,13,05],
[07,04,08,17,14,06],
[08,03,09,17,07],
[09,04,10,15,17,08],
[10,03,01,15,09],
[11,06,13,06,14,15,01,12],
[12,05,02,16,13,11,01],
[13,06,05,06,11,12,16,04],
[14,05,07,17,15,11,06],
[15,06,10,01,11,14,17,09],
[16,05,12,02,03,04,13],
[17,05,14,07,08,09,15],
[949036,690151,360423,101165,512,99539,358424,687128],
[947409,1048062,508445,359813,655749,656055,356023,508133],
[510801],
[]],

[[3,1324802],
[17,10,554,1074],
[04,01,15,05,14,07,14,09,15],
[01,05,02,12,11,15,10],
[02,04,03,16,12,01],
[03,03,04,16,02],
[04,04,05,13,16,03],
[05,05,06,14,11,13,04],
[06,03,07,14,05],
[07,04,08,17,14,06],
[08,03,09,17,07],
[09,04,10,15,17,08],
[10,03,01,15,09],
[11,06,13,05,14,15,01,12],
[12,05,02,16,13,11,01],
[13,05,05,11,12,16,04],
[14,06,06,07,17,15,11,05],
[15,06,10,01,11,14,17,09],
[16,05,12,02,03,04,13],
[17,05,14,07,08,09,15],
[949036,690151,360423,101165,512,99539,358424,687128],
[947409,1048062,508445,359813,655749,656055,356023,508133],
[510801],
[11,13,12,14,15,16,17,23,21,22,19,20,18,24,25,26,28,27,35,34,30,29,36,37,38,31,32,33,-1]],

[[0,79077962],
[15,09,257,0],
[0],
[01,04,02,11,15,09],
[02,04,03,12,11,01],
[03,03,04,12,02],
[04,04,05,13,12,03],
[05,03,06,13,04],
[06,04,07,14,13,05],
[07,03,08,14,06],
[08,04,09,15,14,07],
[09,03,01,15,08],
[10,05,12,13,14,15,11],
[11,05,02,12,10,15,01],
[12,06,02,03,04,13,10,11],
[13,06,04,05,06,14,10,12],
[14,06,06,07,08,15,10,13],
[15,06,11,10,14,08,09,01],
[926536,621561,262075,32431,31057,260164,618502,924853],
[1048062,460267,373474,665222,664904,376051,201195],
[]],

[[2,22086],
[16,10,536,0],
[0],
[01,04,02,11,15,10],
[02,04,03,12,11,01],
[03,03,04,12,02],
[04,04,05,13,12,03],
[05,03,06,13,04],
[06,04,07,14,13,05],
[07,04,08,16,14,06],
[08,03,09,16,07],
[09,04,10,15,16,08],
[10,03,01,15,09],
[11,06,02,12,13,14,15,01],
[12,05,02,03,04,13,11],
[13,06,12,04,05,06,14,11],
[14,06,13,06,07,16,15,11],
[15,06,14,16,09,10,01,11],
[16,05,14,07,08,09,15],
[949036,690151,360423,101165,512,99539,358424,687128],
[947409,1048062,575005,575267,329381,329117,574755,328874],
[]],

[[2,453966],
[16,10,538,0],
[0],
[01,05,02,12,11,16,10],
[02,03,03,12,01],
[03,04,04,13,12,02],
[04,03,05,13,03],
[05,04,06,14,13,04],
[06,03,07,14,05],
[07,04,08,15,14,06],
[08,03,09,15,07],
[09,04,10,16,15,08],
[10,03,01,16,09],
[11,06,13,14,15,16,01,12],
[12,05,02,03,13,11,01],
[13,06,03,04,05,14,11,12],
[14,06,05,06,07,15,11,13],
[15,06,07,08,09,16,11,14],
[16,05,09,10,01,11,15],
[949036,690151,360423,101165,512,99539,358424,687128],
[947409,1048062,512502,653018,362202,222710,368916,653588],
[]],

[[3,1324806],
[18,11,1322,3707],
[04,01,16,06,15,08,15,10,16],
[01,05,02,13,12,16,11],
[02,04,03,17,13,01],
[03,03,04,17,02],
[04,04,05,14,17,03],
[05,03,06,14,04],
[06,05,07,15,12,14,05],
[07,03,08,15,06],
[08,04,09,18,15,07],
[09,03,10,18,08],
[10,04,11,16,18,09],
[11,03,01,16,10],
[12,06,14,06,15,16,01,13],
[13,05,02,17,14,12,01],
[14,06,05,06,12,13,17,04],
[15,06,07,08,18,16,12,06],
[16,06,11,01,12,15,18,10],
[17,05,13,02,03,04,14],
[18,05,15,08,09,10,16],
[965396,744401,444412,181123,21136,20848,179325,442372],
[742445,963818,1048062,508445,359813,655749,656055,356023],
[508133,510801],
[12,14,13,15,16,17,18,25,23,24,19,21,20,22,26,27,28,30,29,32,31,37,36,33,34,35,39,40,38,-1]],

[[3,1551602],
[19,11,1430,0],
[0],
[01,05,02,13,12,16,11],
[02,04,03,17,13,01],
[03,03,04,17,02],
[04,04,05,14,17,03],
[05,05,06,15,12,14,04],
[06,03,07,15,05],
[07,04,08,18,15,06],
[08,03,09,18,07],
[09,04,10,19,18,08],
[10,03,11,19,09],
[11,04,01,16,19,10],
[12,06,14,05,15,16,01,13],
[13,05,02,17,14,12,01],
[14,05,05,12,13,17,04],
[15,06,06,07,18,16,12,05],
[16,06,01,12,15,18,19,11],
[17,05,13,02,03,04,14],
[18,06,15,07,08,09,19,16],
[19,05,18,09,10,11,16],
[965396,744401,444412,181123,21136,20848,179325,442372],
[742445,963818,1048062,480740,370992,589104,589474,375458],
[483446,485211,271195],
[]],

[[2,25866],
[18,11,1363,0],
[0],
[01,04,02,12,16,11],
[02,04,03,13,12,01],
[03,03,04,13,02],
[04,04,05,14,13,03],
[05,03,06,14,04],
[06,04,07,15,14,05],
[07,04,08,17,15,06],
[08,03,09,17,07],
[09,04,10,18,17,08],
[10,03,11,18,09],
[11,04,01,16,18,10],
[12,06,02,13,14,15,16,01],
[13,05,02,03,04,14,12],
[14,06,13,04,05,06,15,12],
[15,06,14,06,07,17,16,12],
[16,06,15,17,18,11,01,12],
[17,06,15,07,08,09,18,16],
[18,05,17,09,10,11,16],
[965396,744401,444412,181123,21136,20848,179325,442372],
[742445,963818,1048062,614989,615232,391878,391621,614758],
[391395,614521],
[]],

[[2,1325166],
[18,11,1360,0],
[0],
[01,05,02,13,12,17,11],
[02,03,03,13,01],
[03,04,04,14,13,02],
[04,03,05,14,03],
[05,04,06,15,14,04],
[06,03,07,15,05],
[07,04,08,16,15,06],
[08,04,09,18,16,07],
[09,03,10,18,08],
[10,04,11,17,18,09],
[11,03,01,17,10],
[12,06,14,15,16,17,01,13],
[13,05,02,03,14,12,01],
[14,06,03,04,05,15,12,13],
[15,06,05,06,07,16,12,14],
[16,06,07,08,18,17,12,15],
[17,06,11,01,12,16,18,10],
[18,05,16,08,09,10,17],
[965396,744401,444412,181123,21136,20848,179325,442372],
[742445,963818,1048062,623163,837293,623430,405183,404924],
[622901,404667],
[]],

[[2,79077962],
[17,10,645,0],
[0],
[01,04,02,12,17,10],
[02,04,03,13,12,01],
[03,04,04,14,13,02],
[04,03,05,14,03],
[05,04,06,15,14,04],
[06,03,07,15,05],
[07,04,08,16,15,06],
[08,03,09,16,07],
[09,04,10,17,16,08],
[10,03,01,17,09],
[11,06,13,14,15,16,17,12],
[12,05,02,13,11,17,01],
[13,05,02,03,14,11,12],
[14,06,03,04,05,15,11,13],
[15,06,05,06,07,16,11,14],
[16,06,07,08,09,17,11,15],
[17,06,12,11,16,09,10,01],
[949036,690151,360423,101165,512,99539,358424,687128],
[947409,1048062,518616,518901,772694,772423,518333,259398],
[259681],
[]],

[[8,1540806],
[20,12,3352,11466],
[04,01,14,07,15,03,14,05,15],
[01,05,02,14,13,17,12],
[02,03,03,14,01],
[03,04,04,18,14,02],
[04,03,05,18,03],
[05,04,06,15,18,04],
[06,03,07,15,05],
[07,05,08,16,13,15,06],
[08,03,09,16,07],
[09,04,10,19,16,08],
[10,04,11,20,19,09],
[11,03,12,20,10],
[12,04,01,17,20,11],
[13,06,15,07,16,17,01,14],
[14,06,02,03,18,15,13,01],
[15,06,06,07,13,14,18,05],
[16,06,08,09,19,17,13,07],
[17,06,01,13,16,19,20,12],
[18,05,14,03,04,05,15],
[19,05,16,09,10,20,17],
[20,05,19,10,11,12,17],
[978687,788411,535551,262075,70400,512,69888,260164],
[512000,785475,977150,1048062,480740,370992,589104,589474],
[375458,483446,485211,271195],
[29,30,13,14,15,16,17,18,28,26,27,19,21,20,22,23,24,25,31,33,32,34,35,37,36,42,41,38,39,40,43,44,45,-1]]

]
